SWMM5 Interface File

300  - reporting time step in sec
1    - number of constituents as listed below:
FLOW CFS
1    - number of nodes as listed below:
OFALL-10
Node             Year Mon Day Hr  Min Sec FLOW      
OFALL-10         2002 01  01  00  00  00  0.000000  
OFALL-10         2002 01  01  00  05  00  0.000000  
OFALL-10         2002 01  01  00  10  00  0.000000  
OFALL-10         2002 01  01  00  15  00  0.000000  
OFALL-10         2002 01  01  00  20  00  0.000000  
OFALL-10         2002 01  01  00  25  00  0.000000  
OFALL-10         2002 01  01  00  30  00  0.000000  
OFALL-10         2002 01  01  00  35  00  0.000000  
OFALL-10         2002 01  01  00  40  00  0.000000  
OFALL-10         2002 01  01  00  45  00  0.000000  
OFALL-10         2002 01  01  00  50  00  0.000000  
OFALL-10         2002 01  01  00  55  00  0.000000  
OFALL-10         2002 01  01  01  00  00  0.000000  
OFALL-10         2002 01  01  01  05  00  0.000000  
OFALL-10         2002 01  01  01  10  00  0.000000  
OFALL-10         2002 01  01  01  15  00  0.000031  
OFALL-10         2002 01  01  01  20  00  0.000108  
OFALL-10         2002 01  01  01  25  00  0.000185  
OFALL-10         2002 01  01  01  30  00  0.000262  
OFALL-10         2002 01  01  01  35  00  0.000339  
OFALL-10         2002 01  01  01  40  00  0.000416  
OFALL-10         2002 01  01  01  45  00  0.000493  
OFALL-10         2002 01  01  01  50  00  0.000570  
OFALL-10         2002 01  01  01  55  00  0.000647  
OFALL-10         2002 01  01  02  00  00  0.000724  
OFALL-10         2002 01  01  02  05  00  0.000957  
OFALL-10         2002 01  01  02  10  00  0.001228  
OFALL-10         2002 01  01  02  15  00  0.001499  
OFALL-10         2002 01  01  02  20  00  0.001769  
OFALL-10         2002 01  01  02  25  00  0.002040  
OFALL-10         2002 01  01  02  30  00  0.002240  
OFALL-10         2002 01  01  02  35  00  0.002440  
OFALL-10         2002 01  01  02  40  00  0.002640  
OFALL-10         2002 01  01  02  45  00  0.002840  
OFALL-10         2002 01  01  02  50  00  0.003040  
OFALL-10         2002 01  01  02  55  00  0.003240  
OFALL-10         2002 01  01  03  00  00  0.003440  
OFALL-10         2002 01  01  03  05  00  0.003480  
OFALL-10         2002 01  01  03  10  00  0.003480  
OFALL-10         2002 01  01  03  15  00  0.003480  
OFALL-10         2002 01  01  03  20  00  0.003480  
OFALL-10         2002 01  01  03  25  00  0.003480  
OFALL-10         2002 01  01  03  30  00  0.003480  
OFALL-10         2002 01  01  03  35  00  0.003480  
OFALL-10         2002 01  01  03  40  00  0.003656  
OFALL-10         2002 01  01  03  45  00  0.003949  
OFALL-10         2002 01  01  03  50  00  0.004242  
OFALL-10         2002 01  01  03  55  00  0.004536  
OFALL-10         2002 01  01  04  00  00  0.004829  
OFALL-10         2002 01  01  04  05  00  0.004999  
OFALL-10         2002 01  01  04  10  00  0.005138  
OFALL-10         2002 01  01  04  15  00  0.005277  
OFALL-10         2002 01  01  04  20  00  0.005416  
OFALL-10         2002 01  01  04  25  00  0.005554  
OFALL-10         2002 01  01  04  30  00  0.005693  
OFALL-10         2002 01  01  04  35  00  0.005832  
OFALL-10         2002 01  01  04  40  00  0.005971  
OFALL-10         2002 01  01  04  45  00  0.006110  
OFALL-10         2002 01  01  04  50  00  0.006271  
OFALL-10         2002 01  01  04  55  00  0.006520  
OFALL-10         2002 01  01  05  00  00  0.006769  
OFALL-10         2002 01  01  05  05  00  0.006817  
OFALL-10         2002 01  01  05  10  00  0.006813  
OFALL-10         2002 01  01  05  15  00  0.006810  
OFALL-10         2002 01  01  05  20  00  0.006806  
OFALL-10         2002 01  01  05  25  00  0.006803  
OFALL-10         2002 01  01  05  30  00  0.006800  
OFALL-10         2002 01  01  05  35  00  0.006796  
OFALL-10         2002 01  01  05  40  00  0.006793  
OFALL-10         2002 01  01  05  45  00  0.006789  
OFALL-10         2002 01  01  05  50  00  0.006786  
OFALL-10         2002 01  01  05  55  00  0.006783  
OFALL-10         2002 01  01  06  00  00  0.006779  
OFALL-10         2002 01  01  06  05  00  0.006725  
OFALL-10         2002 01  01  06  10  00  0.006658  
OFALL-10         2002 01  01  06  15  00  0.006591  
OFALL-10         2002 01  01  06  20  00  0.006524  
OFALL-10         2002 01  01  06  25  00  0.006457  
OFALL-10         2002 01  01  06  30  00  0.006390  
OFALL-10         2002 01  01  06  35  00  0.006323  
OFALL-10         2002 01  01  06  40  00  0.006257  
OFALL-10         2002 01  01  06  45  00  0.006190  
OFALL-10         2002 01  01  06  50  00  0.006123  
OFALL-10         2002 01  01  06  55  00  0.006056  
OFALL-10         2002 01  01  07  00  00  0.005989  
OFALL-10         2002 01  01  07  05  00  0.005959  
OFALL-10         2002 01  01  07  10  00  0.005938  
OFALL-10         2002 01  01  07  15  00  0.005894  
OFALL-10         2002 01  01  07  20  00  0.005817  
OFALL-10         2002 01  01  07  25  00  0.005740  
OFALL-10         2002 01  01  07  30  00  0.005663  
OFALL-10         2002 01  01  07  35  00  0.005586  
OFALL-10         2002 01  01  07  40  00  0.005509  
OFALL-10         2002 01  01  07  45  00  0.005432  
OFALL-10         2002 01  01  07  50  00  0.005355  
OFALL-10         2002 01  01  07  55  00  0.005278  
OFALL-10         2002 01  01  08  00  00  0.005201  
OFALL-10         2002 01  01  08  05  00  0.005192  
OFALL-10         2002 01  01  08  10  00  0.005199  
OFALL-10         2002 01  01  08  15  00  0.005207  
OFALL-10         2002 01  01  08  20  00  0.005215  
OFALL-10         2002 01  01  08  25  00  0.005223  
OFALL-10         2002 01  01  08  30  00  0.005155  
OFALL-10         2002 01  01  08  35  00  0.005088  
OFALL-10         2002 01  01  08  40  00  0.005020  
OFALL-10         2002 01  01  08  45  00  0.004953  
OFALL-10         2002 01  01  08  50  00  0.004885  
OFALL-10         2002 01  01  08  55  00  0.004818  
OFALL-10         2002 01  01  09  00  00  0.004750  
OFALL-10         2002 01  01  09  05  00  0.004741  
OFALL-10         2002 01  01  09  10  00  0.004748  
OFALL-10         2002 01  01  09  15  00  0.004754  
OFALL-10         2002 01  01  09  20  00  0.004760  
OFALL-10         2002 01  01  09  25  00  0.004766  
OFALL-10         2002 01  01  09  30  00  0.004772  
OFALL-10         2002 01  01  09  35  00  0.004778  
OFALL-10         2002 01  01  09  40  00  0.004739  
OFALL-10         2002 01  01  09  45  00  0.004668  
OFALL-10         2002 01  01  09  50  00  0.004597  
OFALL-10         2002 01  01  09  55  00  0.004527  
OFALL-10         2002 01  01  10  00  00  0.004456  
OFALL-10         2002 01  01  10  05  00  0.004445  
OFALL-10         2002 01  01  10  10  00  0.004449  
OFALL-10         2002 01  01  10  15  00  0.004453  
OFALL-10         2002 01  01  10  20  00  0.004457  
OFALL-10         2002 01  01  10  25  00  0.004461  
OFALL-10         2002 01  01  10  30  00  0.004465  
OFALL-10         2002 01  01  10  35  00  0.004469  
OFALL-10         2002 01  01  10  40  00  0.004473  
OFALL-10         2002 01  01  10  45  00  0.004476  
OFALL-10         2002 01  01  10  50  00  0.004490  
OFALL-10         2002 01  01  10  55  00  0.004539  
OFALL-10         2002 01  01  11  00  00  0.004588  
OFALL-10         2002 01  01  11  05  00  0.004595  
OFALL-10         2002 01  01  11  10  00  0.004592  
OFALL-10         2002 01  01  11  15  00  0.004588  
OFALL-10         2002 01  01  11  20  00  0.004585  
OFALL-10         2002 01  01  11  25  00  0.004581  
OFALL-10         2002 01  01  11  30  00  0.004578  
OFALL-10         2002 01  01  11  35  00  0.004574  
OFALL-10         2002 01  01  11  40  00  0.004570  
OFALL-10         2002 01  01  11  45  00  0.004567  
OFALL-10         2002 01  01  11  50  00  0.004563  
OFALL-10         2002 01  01  11  55  00  0.004560  
OFALL-10         2002 01  01  12  00  00  0.004556  
OFALL-10         2002 01  01  12  05  00  0.004593  
OFALL-10         2002 01  01  12  10  00  0.004640  
OFALL-10         2002 01  01  12  15  00  0.004687  
OFALL-10         2002 01  01  12  20  00  0.004734  
OFALL-10         2002 01  01  12  25  00  0.004781  
OFALL-10         2002 01  01  12  30  00  0.004828  
OFALL-10         2002 01  01  12  35  00  0.004875  
OFALL-10         2002 01  01  12  40  00  0.004922  
OFALL-10         2002 01  01  12  45  00  0.004969  
OFALL-10         2002 01  01  12  50  00  0.005016  
OFALL-10         2002 01  01  12  55  00  0.005063  
OFALL-10         2002 01  01  13  00  00  0.005110  
OFALL-10         2002 01  01  13  05  00  0.005102  
OFALL-10         2002 01  01  13  10  00  0.005080  
OFALL-10         2002 01  01  13  15  00  0.005111  
OFALL-10         2002 01  01  13  20  00  0.005218  
OFALL-10         2002 01  01  13  25  00  0.005326  
OFALL-10         2002 01  01  13  30  00  0.005434  
OFALL-10         2002 01  01  13  35  00  0.005541  
OFALL-10         2002 01  01  13  40  00  0.005649  
OFALL-10         2002 01  01  13  45  00  0.005757  
OFALL-10         2002 01  01  13  50  00  0.005865  
OFALL-10         2002 01  01  13  55  00  0.005972  
OFALL-10         2002 01  01  14  00  00  0.006080  
OFALL-10         2002 01  01  14  05  00  0.006117  
OFALL-10         2002 01  01  14  10  00  0.006136  
OFALL-10         2002 01  01  14  15  00  0.006155  
OFALL-10         2002 01  01  14  20  00  0.006175  
OFALL-10         2002 01  01  14  25  00  0.006194  
OFALL-10         2002 01  01  14  30  00  0.006182  
OFALL-10         2002 01  01  14  35  00  0.006170  
OFALL-10         2002 01  01  14  40  00  0.006158  
OFALL-10         2002 01  01  14  45  00  0.006146  
OFALL-10         2002 01  01  14  50  00  0.006134  
OFALL-10         2002 01  01  14  55  00  0.006122  
OFALL-10         2002 01  01  15  00  00  0.006110  
OFALL-10         2002 01  01  15  05  00  0.006113  
OFALL-10         2002 01  01  15  10  00  0.006119  
OFALL-10         2002 01  01  15  15  00  0.006125  
OFALL-10         2002 01  01  15  20  00  0.006131  
OFALL-10         2002 01  01  15  25  00  0.006137  
OFALL-10         2002 01  01  15  30  00  0.006143  
OFALL-10         2002 01  01  15  35  00  0.006149  
OFALL-10         2002 01  01  15  40  00  0.006186  
OFALL-10         2002 01  01  15  45  00  0.006243  
OFALL-10         2002 01  01  15  50  00  0.006300  
OFALL-10         2002 01  01  15  55  00  0.006357  
OFALL-10         2002 01  01  16  00  00  0.006413  
OFALL-10         2002 01  01  16  05  00  0.006425  
OFALL-10         2002 01  01  16  10  00  0.006424  
OFALL-10         2002 01  01  16  15  00  0.006424  
OFALL-10         2002 01  01  16  20  00  0.006424  
OFALL-10         2002 01  01  16  25  00  0.006423  
OFALL-10         2002 01  01  16  30  00  0.006423  
OFALL-10         2002 01  01  16  35  00  0.006423  
OFALL-10         2002 01  01  16  40  00  0.006422  
OFALL-10         2002 01  01  16  45  00  0.006422  
OFALL-10         2002 01  01  16  50  00  0.006290  
OFALL-10         2002 01  01  16  55  00  0.005633  
OFALL-10         2002 01  01  17  00  00  0.004975  
OFALL-10         2002 01  01  17  05  00  0.004843  
OFALL-10         2002 01  01  17  10  00  0.004843  
OFALL-10         2002 01  01  17  15  00  0.004843  
OFALL-10         2002 01  01  17  20  00  0.004842  
OFALL-10         2002 01  01  17  25  00  0.004842  
OFALL-10         2002 01  01  17  30  00  0.004842  
OFALL-10         2002 01  01  17  35  00  0.004841  
OFALL-10         2002 01  01  17  40  00  0.004841  
OFALL-10         2002 01  01  17  45  00  0.004841  
OFALL-10         2002 01  01  17  50  00  0.004841  
OFALL-10         2002 01  01  17  55  00  0.004840  
OFALL-10         2002 01  01  18  00  00  0.004840  
OFALL-10         2002 01  01  18  05  00  0.004817  
OFALL-10         2002 01  01  18  10  00  0.004790  
OFALL-10         2002 01  01  18  15  00  0.004762  
OFALL-10         2002 01  01  18  20  00  0.004734  
OFALL-10         2002 01  01  18  25  00  0.004706  
OFALL-10         2002 01  01  18  30  00  0.004678  
OFALL-10         2002 01  01  18  35  00  0.004650  
OFALL-10         2002 01  01  18  40  00  0.004622  
OFALL-10         2002 01  01  18  45  00  0.004594  
OFALL-10         2002 01  01  18  50  00  0.004566  
OFALL-10         2002 01  01  18  55  00  0.004538  
OFALL-10         2002 01  01  19  00  00  0.004510  
OFALL-10         2002 01  01  19  05  00  0.004473  
OFALL-10         2002 01  01  19  10  00  0.004434  
OFALL-10         2002 01  01  19  15  00  0.004394  
OFALL-10         2002 01  01  19  20  00  0.004352  
OFALL-10         2002 01  01  19  25  00  0.004310  
OFALL-10         2002 01  01  19  30  00  0.004268  
OFALL-10         2002 01  01  19  35  00  0.004227  
OFALL-10         2002 01  01  19  40  00  0.004185  
OFALL-10         2002 01  01  19  45  00  0.004143  
OFALL-10         2002 01  01  19  50  00  0.004101  
OFALL-10         2002 01  01  19  55  00  0.004060  
OFALL-10         2002 01  01  20  00  00  0.004018  
OFALL-10         2002 01  01  20  05  00  0.004002  
OFALL-10         2002 01  01  20  10  00  0.003993  
OFALL-10         2002 01  01  20  15  00  0.003983  
OFALL-10         2002 01  01  20  20  00  0.003974  
OFALL-10         2002 01  01  20  25  00  0.003965  
OFALL-10         2002 01  01  20  30  00  0.004022  
OFALL-10         2002 01  01  20  35  00  0.004080  
OFALL-10         2002 01  01  20  40  00  0.004138  
OFALL-10         2002 01  01  20  45  00  0.004195  
OFALL-10         2002 01  01  20  50  00  0.004253  
OFALL-10         2002 01  01  20  55  00  0.004310  
OFALL-10         2002 01  01  21  00  00  0.004368  
OFALL-10         2002 01  01  21  05  00  0.004380  
OFALL-10         2002 01  01  21  10  00  0.004380  
OFALL-10         2002 01  01  21  15  00  0.004380  
OFALL-10         2002 01  01  21  20  00  0.004381  
OFALL-10         2002 01  01  21  25  00  0.004381  
OFALL-10         2002 01  01  21  30  00  0.004382  
OFALL-10         2002 01  01  21  35  00  0.004382  
OFALL-10         2002 01  01  21  40  00  0.004312  
OFALL-10         2002 01  01  21  45  00  0.004195  
OFALL-10         2002 01  01  21  50  00  0.004078  
OFALL-10         2002 01  01  21  55  00  0.003962  
OFALL-10         2002 01  01  22  00  00  0.003845  
OFALL-10         2002 01  01  22  05  00  0.003818  
OFALL-10         2002 01  01  22  10  00  0.003814  
OFALL-10         2002 01  01  22  15  00  0.003809  
OFALL-10         2002 01  01  22  20  00  0.003805  
OFALL-10         2002 01  01  22  25  00  0.003801  
OFALL-10         2002 01  01  22  30  00  0.003797  
OFALL-10         2002 01  01  22  35  00  0.003792  
OFALL-10         2002 01  01  22  40  00  0.003788  
OFALL-10         2002 01  01  22  45  00  0.003784  
OFALL-10         2002 01  01  22  50  00  0.003587  
OFALL-10         2002 01  01  22  55  00  0.002620  
OFALL-10         2002 01  01  23  00  00  0.001653  
OFALL-10         2002 01  01  23  05  00  0.001462  
OFALL-10         2002 01  01  23  10  00  0.001465  
OFALL-10         2002 01  01  23  15  00  0.001467  
OFALL-10         2002 01  01  23  20  00  0.001470  
OFALL-10         2002 01  01  23  25  00  0.001472  
OFALL-10         2002 01  01  23  30  00  0.001474  
OFALL-10         2002 01  01  23  35  00  0.001477  
OFALL-10         2002 01  01  23  40  00  0.001479  
OFALL-10         2002 01  01  23  45  00  0.001482  
OFALL-10         2002 01  01  23  50  00  0.001484  
OFALL-10         2002 01  01  23  55  00  0.001487  
OFALL-10         2002 01  02  00  00  00  0.001489  
OFALL-10         2002 01  02  00  05  00  0.001442  
OFALL-10         2002 01  02  00  10  00  0.001382  
OFALL-10         2002 01  02  00  15  00  0.001322  
OFALL-10         2002 01  02  00  20  00  0.001262  
OFALL-10         2002 01  02  00  25  00  0.001202  
OFALL-10         2002 01  02  00  30  00  0.001142  
OFALL-10         2002 01  02  00  35  00  0.001082  
OFALL-10         2002 01  02  00  40  00  0.001023  
OFALL-10         2002 01  02  00  45  00  0.000963  
OFALL-10         2002 01  02  00  50  00  0.000903  
OFALL-10         2002 01  02  00  55  00  0.000843  
OFALL-10         2002 01  02  01  00  00  0.000783  
OFALL-10         2002 01  02  01  05  00  0.000783  
OFALL-10         2002 01  02  01  10  00  0.000799  
OFALL-10         2002 01  02  01  15  00  0.000774  
OFALL-10         2002 01  02  01  20  00  0.000690  
OFALL-10         2002 01  02  01  25  00  0.000606  
OFALL-10         2002 01  02  01  30  00  0.000522  
OFALL-10         2002 01  02  01  35  00  0.000438  
OFALL-10         2002 01  02  01  40  00  0.000353  
OFALL-10         2002 01  02  01  45  00  0.000269  
OFALL-10         2002 01  02  01  50  00  0.000185  
OFALL-10         2002 01  02  01  55  00  0.000101  
OFALL-10         2002 01  02  02  00  00  0.000017  
OFALL-10         2002 01  02  02  05  00  0.000000  
OFALL-10         2002 01  02  02  10  00  0.000000  
OFALL-10         2002 01  02  02  15  00  0.000000  
OFALL-10         2002 01  02  02  20  00  0.000000  
OFALL-10         2002 01  02  02  25  00  0.000000  
OFALL-10         2002 01  02  02  30  00  0.000000  
OFALL-10         2002 01  02  02  35  00  0.000000  
OFALL-10         2002 01  02  02  40  00  0.000000  
OFALL-10         2002 01  02  02  45  00  0.000000  
OFALL-10         2002 01  02  02  50  00  0.000000  
OFALL-10         2002 01  02  02  55  00  0.000000  
OFALL-10         2002 01  02  03  00  00  0.000000  
OFALL-10         2002 01  02  03  05  00  0.000000  
OFALL-10         2002 01  02  03  10  00  0.000000  
OFALL-10         2002 01  02  03  15  00  0.000000  
OFALL-10         2002 01  02  03  20  00  0.000000  
OFALL-10         2002 01  02  03  25  00  0.000000  
OFALL-10         2002 01  02  03  30  00  0.000000  
OFALL-10         2002 01  02  03  35  00  0.000000  
OFALL-10         2002 01  02  03  40  00  0.000000  
OFALL-10         2002 01  02  03  45  00  0.000000  
OFALL-10         2002 01  02  03  50  00  0.000000  
OFALL-10         2002 01  02  03  55  00  0.000000  
OFALL-10         2002 01  02  04  00  00  0.000000  
OFALL-10         2002 01  02  04  05  00  0.000000  
OFALL-10         2002 01  02  04  10  00  0.000000  
OFALL-10         2002 01  02  04  15  00  0.000000  
OFALL-10         2002 01  02  04  20  00  0.000000  
OFALL-10         2002 01  02  04  25  00  0.000000  
OFALL-10         2002 01  02  04  30  00  0.000000  
OFALL-10         2002 01  02  04  35  00  0.000000  
OFALL-10         2002 01  02  04  40  00  0.000000  
OFALL-10         2002 01  02  04  45  00  0.000000  
OFALL-10         2002 01  02  04  50  00  0.000000  
OFALL-10         2002 01  02  04  55  00  0.000000  
OFALL-10         2002 01  02  05  00  00  0.000000  
OFALL-10         2002 01  02  05  05  00  0.000000  
OFALL-10         2002 01  02  05  10  00  0.000000  
OFALL-10         2002 01  02  05  15  00  0.000000  
OFALL-10         2002 01  02  05  20  00  0.000000  
OFALL-10         2002 01  02  05  25  00  0.000000  
OFALL-10         2002 01  02  05  30  00  0.000000  
OFALL-10         2002 01  02  05  35  00  0.000000  
OFALL-10         2002 01  02  05  40  00  0.000000  
OFALL-10         2002 01  02  05  45  00  0.000000  
OFALL-10         2002 01  02  05  50  00  0.000000  
OFALL-10         2002 01  02  05  55  00  0.000000  
OFALL-10         2002 01  02  06  00  00  0.000000  
OFALL-10         2002 01  02  06  05  00  0.000000  
OFALL-10         2002 01  02  06  10  00  0.000000  
OFALL-10         2002 01  02  06  15  00  0.000000  
OFALL-10         2002 01  02  06  20  00  0.000000  
OFALL-10         2002 01  02  06  25  00  0.000000  
OFALL-10         2002 01  02  06  30  00  0.000000  
OFALL-10         2002 01  02  06  35  00  0.000000  
OFALL-10         2002 01  02  06  40  00  0.000000  
OFALL-10         2002 01  02  06  45  00  0.000000  
OFALL-10         2002 01  02  06  50  00  0.000000  
OFALL-10         2002 01  02  06  55  00  0.000000  
OFALL-10         2002 01  02  07  00  00  0.000000  
OFALL-10         2002 01  02  07  05  00  0.000000  
OFALL-10         2002 01  02  07  10  00  0.000000  
OFALL-10         2002 01  02  07  15  00  0.000000  
OFALL-10         2002 01  02  07  20  00  0.000000  
OFALL-10         2002 01  02  07  25  00  0.000000  
OFALL-10         2002 01  02  07  30  00  0.000000  
OFALL-10         2002 01  02  07  35  00  0.000000  
OFALL-10         2002 01  02  07  40  00  0.000000  
OFALL-10         2002 01  02  07  45  00  0.000000  
OFALL-10         2002 01  02  07  50  00  0.000000  
OFALL-10         2002 01  02  07  55  00  0.000000  
OFALL-10         2002 01  02  08  00  00  0.000000  
OFALL-10         2002 01  02  08  05  00  0.000000  
OFALL-10         2002 01  02  08  10  00  0.000000  
OFALL-10         2002 01  02  08  15  00  0.000000  
OFALL-10         2002 01  02  08  20  00  0.000000  
OFALL-10         2002 01  02  08  25  00  0.000000  
OFALL-10         2002 01  02  08  30  00  0.000000  
OFALL-10         2002 01  02  08  35  00  0.000000  
OFALL-10         2002 01  02  08  40  00  0.000000  
OFALL-10         2002 01  02  08  45  00  0.000000  
OFALL-10         2002 01  02  08  50  00  0.000000  
OFALL-10         2002 01  02  08  55  00  0.000000  
OFALL-10         2002 01  02  09  00  00  0.000000  
OFALL-10         2002 01  02  09  05  00  0.000000  
OFALL-10         2002 01  02  09  10  00  0.000000  
OFALL-10         2002 01  02  09  15  00  0.000000  
OFALL-10         2002 01  02  09  20  00  0.000000  
OFALL-10         2002 01  02  09  25  00  0.000000  
OFALL-10         2002 01  02  09  30  00  0.000000  
OFALL-10         2002 01  02  09  35  00  0.000000  
OFALL-10         2002 01  02  09  40  00  0.000000  
OFALL-10         2002 01  02  09  45  00  0.000000  
OFALL-10         2002 01  02  09  50  00  0.000000  
OFALL-10         2002 01  02  09  55  00  0.000000  
OFALL-10         2002 01  02  10  00  00  0.000000  
OFALL-10         2002 01  02  10  05  00  0.000000  
OFALL-10         2002 01  02  10  10  00  0.000000  
OFALL-10         2002 01  02  10  15  00  0.000000  
OFALL-10         2002 01  02  10  20  00  0.000000  
OFALL-10         2002 01  02  10  25  00  0.000000  
OFALL-10         2002 01  02  10  30  00  0.000000  
OFALL-10         2002 01  02  10  35  00  0.000000  
OFALL-10         2002 01  02  10  40  00  0.000000  
OFALL-10         2002 01  02  10  45  00  0.000000  
OFALL-10         2002 01  02  10  50  00  0.000000  
OFALL-10         2002 01  02  10  55  00  0.000000  
OFALL-10         2002 01  02  11  00  00  0.000000  
OFALL-10         2002 01  02  11  05  00  0.000000  
OFALL-10         2002 01  02  11  10  00  0.000000  
OFALL-10         2002 01  02  11  15  00  0.000000  
OFALL-10         2002 01  02  11  20  00  0.000000  
OFALL-10         2002 01  02  11  25  00  0.000000  
OFALL-10         2002 01  02  11  30  00  0.000000  
OFALL-10         2002 01  02  11  35  00  0.000000  
OFALL-10         2002 01  02  11  40  00  0.000000  
OFALL-10         2002 01  02  11  45  00  0.000000  
OFALL-10         2002 01  02  11  50  00  0.000000  
OFALL-10         2002 01  02  11  55  00  0.000000  
OFALL-10         2002 01  02  12  00  00  0.000000  